@4400
81 00 00 24 B1 13 F6 01 B1 13 28 02 0C 43 B1 13 
00 00 1C 43 B1 13 22 02 32 D0 10 00 FD 3F 03 43 
@ff80
FF FF FF FF FF FF FF FF FF FF FF FF FF FF FF FF 
@ffc6
18 44 18 44 18 44 18 44 18 44 18 44 18 44 18 44 
18 44 18 44 18 44 18 44 18 44 18 44 18 44 18 44 
18 44 18 44 18 44 18 44 18 44 18 44 18 44 18 44 
18 44 18 44 18 44 18 44 00 44 B1 00 06 00 B2 40 
80 5A 5C 01 92 C3 30 01 D2 D3 04 02 D2 C3 02 02 
F2 D0 80 00 84 02 F2 F0 7F 00 82 02 81 43 04 00 
A1 92 04 00 6E 2C 0F 43 3F 90 10 00 1B 34 D2 E3 
02 02 00 18 C1 43 00 00 81 93 02 00 0F 20 B1 90 
E8 03 00 00 0B 2C 91 53 00 00 81 63 02 00 81 93 
02 00 04 20 B1 90 E8 03 00 00 F5 2B 1F 53 3F 90 
10 00 E5 3B 00 18 C1 43 00 00 81 93 02 00 0F 20 
B1 90 10 27 00 00 0B 2C 91 53 00 00 81 63 02 00 
81 93 02 00 04 20 B1 90 10 27 00 00 F5 2B 0F 43 
3F 90 10 00 1C 34 F2 E0 80 00 82 02 00 18 C1 43 
00 00 81 93 02 00 0F 20 B1 90 E8 03 00 00 0B 2C 
91 53 00 00 81 63 02 00 81 93 02 00 04 20 B1 90 
E8 03 00 00 F5 2B 1F 53 3F 90 10 00 E4 3B 00 18 
C1 43 00 00 81 93 02 00 0F 20 B1 90 10 27 00 00 
0B 2C 91 53 00 00 81 63 02 00 81 93 02 00 04 20 
B1 90 10 27 00 00 F5 2B 91 53 04 00 A1 92 04 00 
92 2B 81 43 04 00 B1 90 03 00 04 00 87 2F 0F 43 
3F 90 20 00 1B 34 D2 E3 02 02 00 18 C1 43 00 00 
81 93 02 00 0F 20 B1 90 E8 03 00 00 0B 2C 91 53 
00 00 81 63 02 00 81 93 02 00 04 20 B1 90 E8 03 
00 00 F5 2B 1F 53 3F 90 20 00 E5 3B 00 18 C1 43 
00 00 81 93 02 00 0F 20 B1 90 20 4E 00 00 0B 2C 
91 53 00 00 81 63 02 00 81 93 02 00 04 20 B1 90 
20 4E 00 00 F5 2B 0F 43 3F 90 20 00 1C 34 F2 E0 
80 00 82 02 00 18 C1 43 00 00 81 93 02 00 0F 20 
B1 90 E8 03 00 00 0B 2C 91 53 00 00 81 63 02 00 
81 93 02 00 04 20 B1 90 E8 03 00 00 F5 2B 1F 53 
3F 90 20 00 E4 3B 00 18 C1 43 00 00 81 93 02 00 
0F 20 B1 90 20 4E 00 00 0B 2C 91 53 00 00 81 63 
02 00 81 93 02 00 04 20 B1 90 20 4E 00 00 F5 2B 
91 53 04 00 B1 90 03 00 04 00 18 2F 90 3F 03 43 
B2 40 00 A5 A0 05 3F 40 40 04 82 4F A6 05 3F 40 
40 04 82 4F A4 05 3F 40 13 15 82 4F A8 05 3F 40 
01 A5 82 4F A0 05 C2 43 A1 05 10 01 03 43 FF 3F 
03 43 1C 43 10 01 
q
